<?xml version="1.0"?>
<opencv_storage>
<calibration_time>"Fri Apr 23 23:51:01 2021"</calibration_time>
<nr_of_frames>25</nr_of_frames>
<image_width>640</image_width>
<image_height>480</image_height>
<board_width>9</board_width>
<board_height>6</board_height>
<square_size>50.</square_size>
<fix_aspect_ratio>1.</fix_aspect_ratio>
<!-- flags: +fix_aspectRatio +fix_principal_point +zero_tangent_dist +fix_k4 +fix_k5 -->
<flags>6158</flags>
<fisheye_model>0</fisheye_model>
<camera_matrix type_id="opencv-matrix">
  <rows>3</rows>
  <cols>3</cols>
  <dt>d</dt>
  <data>
    6.4620361559415221e+02 0. 3.1950000000000000e+02 0.
    6.4620361559415221e+02 2.3950000000000000e+02 0. 0. 1.</data></camera_matrix>
<distortion_coefficients type_id="opencv-matrix">
  <rows>5</rows>
  <cols>1</cols>
  <dt>d</dt>
  <data>
    8.5139666223259816e-02 1.9454917866753330e-01 0. 0.
    -1.4406461982426872e+00</data></distortion_coefficients>
<avg_reprojection_error>4.9546148697571502e-01</avg_reprojection_error>
<per_view_reprojection_errors type_id="opencv-matrix">
  <rows>25</rows>
  <cols>1</cols>
  <dt>f</dt>
  <data>
    5.35184920e-01 4.88471657e-01 5.02388060e-01 4.51916188e-01
    4.78497475e-01 3.98928106e-01 6.17960393e-01 4.78371203e-01
    4.43199694e-01 5.90380728e-01 4.69895124e-01 3.53752971e-01
    4.71684277e-01 4.57261205e-01 5.82592428e-01 5.09300053e-01
    4.09920961e-01 5.79078555e-01 5.12991786e-01 4.86906588e-01
    4.73265052e-01 5.19514263e-01 4.75712478e-01 5.03575981e-01
    5.07859290e-01</data></per_view_reprojection_errors>
<!-- a set of 6-tuples (rotation vector + translation vector) for each view -->
<extrinsic_parameters type_id="opencv-matrix">
  <rows>25</rows>
  <cols>6</cols>
  <dt>d</dt>
  <data>
    3.4744793402525558e-02 -3.0437386975903796e-02
    -3.9372117909434517e-03 -1.6821137013786262e+02
    -9.8327998472362992e+01 6.2394444743619272e+02
    3.0706569570081891e-02 -2.9054805578778965e-02
    -2.2012625803373557e-03 -1.6772148055083801e+02
    -9.9369954701127483e+01 6.2623986946058244e+02
    3.0916837102509559e-02 -3.0176918560031119e-02
    -4.3555354232689145e-03 -1.6745870615224132e+02
    -9.8365834168223557e+01 6.2548677456045152e+02
    3.3160792770890221e-02 -3.1651204503829827e-02
    -6.2361894021661403e-03 -1.6891197433142082e+02
    -9.6420196125297508e+01 6.2404584047712331e+02
    3.5342545253897829e-02 -3.4155474539115514e-02
    -7.2106306492834490e-03 -1.7190274099310142e+02
    -9.6126039656371404e+01 6.2378457561768823e+02
    3.8368889215465281e-02 -2.4362826967525984e-02
    -1.0780098302542692e-02 -1.7729213504362343e+02
    -9.3290860575058744e+01 6.2943306622231103e+02
    3.4782346207166678e-02 -2.8085097415628694e-02
    -1.2336436813962633e-02 -1.7451727432737420e+02
    -9.3478401087171193e+01 6.3022726406592210e+02
    3.4317408257961687e-02 -3.4285399632301178e-02
    -6.7331700963900367e-03 -1.7257507350724870e+02
    -9.6454537561811506e+01 6.2746953846034660e+02
    3.3933217177404863e-02 -2.9647176569855247e-02
    -7.6996289265479105e-03 -1.7761479501639948e+02
    -9.5556774728645792e+01 6.3128645725761589e+02
    3.0065902089956756e-02 -2.7434409605784880e-02
    -1.5593003055687308e-02 -1.8151152528401548e+02
    -9.2299599999621847e+01 6.3423653301438526e+02
    3.1366970085440621e-02 -2.8184458232795737e-02
    -8.6360117208807499e-03 -1.7673676722956711e+02
    -9.5377090019014531e+01 6.3220593155643905e+02
    3.3685488241727859e-02 -3.4097030595667377e-02
    -2.0066394660213215e-02 -1.8472190441265491e+02
    -8.8159066401160857e+01 6.2982929757829675e+02
    3.7713486154758898e-02 -3.0510996786025299e-02
    -2.6393570446527237e-02 -1.8913148157300606e+02
    -8.4506239866536433e+01 6.2921603964497081e+02
    2.7806599451890540e-02 -4.3121602126944200e-02
    -2.1352156422311766e-02 -1.8698298197869099e+02
    -8.7713518678352727e+01 6.2479042324859029e+02
    4.1236542309445234e-02 -4.3742087924020581e-02
    -2.6764048914315483e-02 -1.8334835021983190e+02
    -8.2828699659693285e+01 6.1774338005250650e+02
    4.0045449972081447e-02 -3.9592373249462319e-02
    -1.5078711624530512e-02 -1.7817156908907558e+02
    -8.9466694406393827e+01 6.2113978660796465e+02
    3.8548830056545323e-02 -3.5025268182180089e-02
    -1.6978001494171301e-02 -1.8157467117754476e+02
    -8.8380302189438936e+01 6.2509008295214244e+02
    4.0382217144876310e-02 -3.4742150935353704e-02
    -2.5056989840339397e-02 -1.8353985047541042e+02
    -8.3664175103948978e+01 6.2290661849303547e+02
    4.5906787925497919e-02 -3.3532883813122055e-02
    -1.8022936679476267e-02 -1.7990364444799206e+02
    -8.6627677097601193e+01 6.2197957044294742e+02
    4.7208169880754561e-02 -2.9767534561881512e-02
    -1.6492273176259099e-02 -1.8086801085998223e+02
    -8.7286169221757746e+01 6.2448721209255336e+02
    4.3066655753829598e-02 -3.2867306074493216e-02
    -1.8720497033353052e-02 -1.8276936442804057e+02
    -8.6350383906817669e+01 6.2427188325552640e+02
    4.4040464464194982e-02 -3.5278970763370374e-02
    -1.9849197753662964e-02 -1.8033361925707752e+02
    -8.5917011046130980e+01 6.2278147736323740e+02
    4.3815395755869464e-02 -3.5513848096765173e-02
    -1.9131375464462766e-02 -1.8022885166506472e+02
    -8.6212365880400441e+01 6.2299498519029771e+02
    4.1829512771585677e-02 -3.9090710971603888e-02
    -2.3036079069379819e-02 -1.7930548671213265e+02
    -8.4885512840450346e+01 6.2327980575752463e+02
    4.4940850033984743e-02 -3.6949780908792994e-02
    -1.9937887118877035e-02 -1.7848337388874867e+02
    -8.6223295919274705e+01 6.2363325496581058e+02</data></extrinsic_parameters>
